Results at CENTRE: 
SFR (freq | score): 
     5.708    0.983
     11.416    0.951
     17.124    0.921
     22.832    0.892
     28.540    0.859
     34.248    0.832
     39.956    0.813
     45.664    0.790
     51.372    0.752
     57.080    0.713
     62.788    0.694
     68.496    0.680
     74.204    0.661
     79.912    0.643
     85.620    0.615
     91.328    0.582
     97.036    0.541
     102.744    0.506
     108.452    0.487
     114.160    0.458
     119.868    0.420
     125.576    0.393
     131.284    0.376
     136.992    0.348
     142.700    0.321
     148.408    0.290
     154.116    0.257
     159.824    0.246
     165.531    0.238
     171.239    0.222
     176.947    0.196
     182.655    0.165
     188.363    0.149
     194.071    0.143
     199.779    0.133
     205.487    0.122
     211.195    0.109
     216.903    0.097
     222.611    0.095
     228.319    0.087
     234.027    0.066
     239.735    0.049
     245.443    0.043
     251.151    0.042
     256.859    0.039
     262.567    0.045
     268.275    0.059
     273.983    0.067
     279.691    0.058
     285.399    0.051
     291.107    0.056
     296.815    0.062
     302.523    0.058
     308.231    0.050
     313.939    0.050
     319.647    0.048
     325.355    0.054
     331.063    0.059
     336.771    0.054
     342.479    0.048
     348.187    0.058
     353.895    0.058
     359.603    0.053
     365.311    0.044
     371.019    0.053
     376.727    0.076
Angle : 3.60°
MTF50 : 104.49lp/mm, SQF = 55.649
MTF at 66lp/mm (CENTRE) : 68.59%
---------------------------------------------------------
Results at TL: 
SFR (freq | score): 
     5.236    0.983
     10.472    0.953
     15.708    0.919
     20.944    0.884
     26.180    0.857
     31.416    0.823
     36.652    0.798
     41.888    0.768
     47.124    0.726
     52.360    0.700
     57.596    0.669
     62.832    0.635
     68.068    0.620
     73.304    0.596
     78.540    0.568
     83.776    0.558
     89.012    0.542
     94.248    0.504
     99.485    0.470
     104.721    0.461
     109.957    0.446
     115.193    0.422
     120.429    0.400
     125.665    0.375
     130.901    0.362
     136.137    0.348
     141.373    0.318
     146.609    0.279
     151.845    0.246
     157.081    0.235
     162.317    0.224
     167.553    0.204
     172.789    0.184
     178.025    0.159
     183.261    0.150
     188.497    0.153
     193.733    0.136
     198.969    0.119
     204.205    0.101
     209.441    0.092
     214.677    0.112
     219.913    0.104
     225.149    0.064
     230.385    0.065
     235.621    0.073
     240.857    0.059
     246.093    0.077
     251.329    0.084
     256.565    0.069
     261.801    0.068
     267.037    0.081
     272.273    0.087
     277.509    0.084
     282.745    0.080
     287.982    0.076
     293.218    0.073
     298.454    0.074
     303.690    0.085
     308.926    0.104
     314.162    0.111
     319.398    0.092
     324.634    0.072
     329.870    0.050
     335.106    0.049
     340.342    0.055
     345.578    0.039
     350.814    0.018
     356.050    0.031
     361.286    0.061
     366.522    0.064
     371.758    0.038
     376.994    0.015
Angle : 4.67°
MTF50 : 94.82lp/mm, SQF = 53.227
MTF at 66lp/mm (TL) : 62.58%
---------------------------------------------------------
Results at TR: 
SFR (freq | score): 
     5.500    0.976
     11.000    0.936
     16.500    0.881
     22.000    0.828
     27.500    0.799
     33.000    0.766
     38.501    0.729
     44.001    0.701
     49.501    0.677
     55.001    0.654
     60.501    0.620
     66.001    0.590
     71.501    0.565
     77.001    0.551
     82.501    0.528
     88.001    0.502
     93.501    0.487
     99.001    0.464
     104.501    0.420
     110.001    0.390
     115.502    0.366
     121.002    0.357
     126.502    0.351
     132.002    0.333
     137.502    0.314
     143.002    0.309
     148.502    0.297
     154.002    0.265
     159.502    0.235
     165.002    0.218
     170.502    0.198
     176.002    0.199
     181.502    0.196
     187.003    0.177
     192.503    0.157
     198.003    0.139
     203.503    0.124
     209.003    0.115
     214.503    0.114
     220.003    0.108
     225.503    0.095
     231.003    0.089
     236.503    0.072
     242.003    0.060
     247.503    0.079
     253.003    0.085
     258.503    0.084
     264.004    0.099
     269.504    0.110
     275.004    0.108
     280.504    0.095
     286.004    0.092
     291.504    0.105
     297.004    0.090
     302.504    0.079
     308.004    0.064
     313.504    0.040
     319.004    0.049
     324.504    0.065
     330.004    0.065
     335.505    0.075
     341.005    0.072
     346.505    0.060
     352.005    0.048
     357.505    0.034
     363.005    0.034
     368.505    0.029
     374.005    0.005
     379.505    0.025
Angle : 3.91°
MTF50 : 88.77lp/mm, SQF = 51.116
MTF at 66lp/mm (TR) : 58.97%
---------------------------------------------------------
Results at BL: 
SFR (freq | score): 
     5.229    0.981
     10.458    0.947
     15.687    0.921
     20.915    0.895
     26.144    0.864
     31.373    0.826
     36.602    0.794
     41.831    0.772
     47.060    0.750
     52.289    0.736
     57.517    0.721
     62.746    0.690
     67.975    0.661
     73.204    0.642
     78.433    0.634
     83.662    0.618
     88.890    0.585
     94.119    0.570
     99.348    0.557
     104.577    0.530
     109.806    0.507
     115.035    0.494
     120.264    0.469
     125.492    0.440
     130.721    0.418
     135.950    0.399
     141.179    0.377
     146.408    0.346
     151.637    0.323
     156.866    0.305
     162.094    0.280
     167.323    0.264
     172.552    0.251
     177.781    0.225
     183.010    0.197
     188.239    0.183
     193.468    0.186
     198.696    0.177
     203.925    0.162
     209.154    0.170
     214.383    0.165
     219.612    0.146
     224.841    0.126
     230.069    0.106
     235.298    0.096
     240.527    0.089
     245.756    0.093
     250.985    0.084
     256.214    0.062
     261.443    0.064
     266.671    0.068
     271.900    0.072
     277.129    0.069
     282.358    0.059
     287.587    0.065
     292.816    0.065
     298.045    0.058
     303.273    0.055
     308.502    0.052
     313.731    0.055
     318.960    0.048
     324.189    0.049
     329.418    0.056
     334.647    0.064
     339.875    0.064
     345.104    0.055
     350.333    0.051
     355.562    0.045
     360.791    0.052
     366.020    0.044
     371.248    0.040
     376.477    0.057
Angle : 3.58°
MTF50 : 112.59lp/mm, SQF = 56.496
MTF at 66lp/mm (BL) : 67.17%
---------------------------------------------------------
Results at BR: 
SFR (freq | score): 
     5.462    0.974
     10.924    0.946
     16.386    0.926
     21.848    0.897
     27.311    0.868
     32.773    0.843
     38.235    0.826
     43.697    0.809
     49.159    0.784
     54.621    0.774
     60.083    0.766
     65.545    0.738
     71.008    0.722
     76.470    0.710
     81.932    0.709
     87.394    0.700
     92.856    0.683
     98.318    0.668
     103.780    0.636
     109.242    0.615
     114.705    0.596
     120.167    0.564
     125.629    0.536
     131.091    0.518
     136.553    0.490
     142.015    0.453
     147.477    0.426
     152.939    0.394
     158.402    0.378
     163.864    0.353
     169.326    0.336
     174.788    0.304
     180.250    0.279
     185.712    0.256
     191.174    0.238
     196.636    0.221
     202.099    0.187
     207.561    0.180
     213.023    0.174
     218.485    0.154
     223.947    0.129
     229.409    0.125
     234.871    0.109
     240.333    0.091
     245.795    0.102
     251.258    0.129
     256.720    0.135
     262.182    0.109
     267.644    0.102
     273.106    0.092
     278.568    0.108
     284.030    0.129
     289.492    0.142
     294.955    0.143
     300.417    0.130
     305.879    0.124
     311.341    0.118
     316.803    0.128
     322.265    0.138
     327.727    0.134
     333.189    0.132
     338.652    0.129
     344.114    0.116
     349.576    0.094
     355.038    0.102
     360.500    0.114
     365.962    0.117
     371.424    0.109
     376.886    0.100
Angle : 4.23°
MTF50 : 134.63lp/mm, SQF = 61.651
MTF at 66lp/mm (BR) : 73.65%
---------------------------------------------------------
